 lmag; ly E_rhf, ly E1e, ly E2e, ly E1de, ly E1qe, ly E2de, ly de, ly nuc, lz E_rhf, lz E1e, lz E2e, lz E1de, lz E1qe, lz E2de, lz de, lz nuc, lyz E_rhf, lyz E1e, lyz E2e, lyz E1de, lyz E1qe, lyz E2de, lyz de, lyz nuc 
 0.000  -113.877222  -218.283598    72.626010     0.000000     0.000000     0.000000     0.000000    31.780366  -113.877222  -218.283598    72.626010     0.000000     0.000000     0.000000     0.000000    31.780366  -113.877222  -218.283598    72.626010     0.000000     0.000000     0.000000     0.000000    31.780366 
 0.020  -113.875814  -218.287050    72.629463    -0.000000     0.002937    -0.001530     0.000000    31.780366  -113.875545  -218.286584    72.628997    -0.000568     0.007179    -0.005219     0.000284    31.780366  -113.875679  -218.286897    72.629310    -0.000284     0.005058    -0.003374     0.000142    31.780366 
 0.040  -113.871597  -218.297035    72.639458    -0.000000     0.011735    -0.006121     0.000000    31.780366  -113.870522  -218.295935    72.638359    -0.002246     0.028708    -0.020897     0.001123    31.780366  -113.871061  -218.296281    72.638705    -0.001118     0.020213    -0.013505     0.000559    31.780366 
 0.060  -113.864595  -218.313239    72.655705    -0.000000     0.026353    -0.013781     0.000000    31.780366  -113.862179  -218.310839    72.653308    -0.004954     0.064560    -0.047096     0.002477    31.780366  -113.863393  -218.312116    72.654589    -0.002452     0.045412    -0.030417     0.001226    31.780366 
 0.080  -113.854848  -218.335580    72.678157    -0.000000     0.046728    -0.024519     0.000000    31.780366  -113.850555  -218.331610    72.674196    -0.008567     0.114691    -0.083915     0.004283    31.780366  -113.852718  -218.333479    72.676073    -0.004214     0.080576    -0.054146     0.002107    31.780366 
 0.100  -113.842404  -218.363606    72.706400    -0.000000     0.072778    -0.038342     0.000000    31.780366  -113.835706  -218.357907    72.700730    -0.012918     0.179047    -0.131483     0.006459    31.780366  -113.839090  -218.359944    72.702773    -0.006316     0.125607    -0.084734     0.003158    31.780366 
 0.120  -113.827319  -218.396235    72.739395    -0.000000     0.104414    -0.055258     0.000000    31.780366  -113.817694  -218.389066    72.732301    -0.017816     0.257563    -0.189950     0.008908    31.780366  -113.822567  -218.391654    72.734875    -0.008658     0.180401    -0.122225     0.004329    31.780366 
 0.140  -113.809654  -218.433749    72.777460    -0.000000     0.141537    -0.075267     0.000000    31.780366  -113.796594  -218.424717    72.768594    -0.023045     0.350169    -0.259484     0.011523    31.780366  -113.803213  -218.427453    72.771262    -0.011148     0.244847    -0.166661     0.005574    31.780366 
 0.160  -113.789471  -218.474898    72.819378    -0.000000     0.184048    -0.098365     0.000000    31.780366  -113.772486  -218.464904    72.809717    -0.028367     0.456790    -0.340272     0.014183    31.780366  -113.781097  -218.467523    72.812155    -0.013690     0.318837    -0.218086     0.006845    31.780366 
 0.180  -113.766834  -218.520009    72.865508    -0.000000     0.231847    -0.124546     0.000000    31.780366  -113.745457  -218.509307    72.855414    -0.033535     0.577348    -0.432511     0.016767    31.780366  -113.756283  -218.511376    72.857102    -0.016195     0.402264    -0.276541     0.008097    31.780366 
 0.200  -113.741802  -218.568211    72.915002    -0.000000     0.284837    -0.153795     0.000000    31.780366  -113.715597  -218.557285    72.905107    -0.038313     0.711769    -0.536397     0.019157    31.780366  -113.728842  -218.558723    72.905849    -0.018579     0.495024    -0.342068     0.009289    31.780366
