# MgH+ cc-pVDZ bondstretch with E_z = 0.001 Hartrees and omega = 4.75 / 27.211 
#radius; CIS X,1; CIS A,0; Model LP; Model UP; CQED-CIS LP; CQED-CIS UP 
 1.300  -199.682882  -199.610421  -199.682895  -199.609845  -199.682831  -199.610290 
 1.400  -199.705389  -199.642382  -199.705408  -199.641805  -199.705337  -199.642241 
 1.500  -199.717834  -199.664496  -199.717864  -199.663910  -199.717783  -199.664342 
 1.600  -199.723209  -199.679393  -199.723254  -199.678729  -199.723160  -199.679224 
 1.700  -199.723568  -199.688880  -199.723637  -199.688236  -199.723527  -199.688690 
 1.800  -199.720364  -199.694230  -199.720475  -199.693549  -199.720339  -199.694011 
 1.900  -199.714654  -199.696380  -199.714839  -199.695639  -199.714662  -199.696114 
 2.000  -199.707222  -199.696050  -199.707564  -199.695174  -199.707309  -199.695690 
 2.100  -199.698656  -199.693806  -199.699430  -199.692506  -199.698999  -199.693175 
 2.200  -199.689397  -199.690108  -199.691884  -199.687207  -199.691279  -199.687922 
 2.300  -199.679781  -199.685326  -199.685945  -199.678780  -199.685634  -199.679153 
 2.400  -199.670056  -199.679765  -199.680109  -199.669366  -199.679892  -199.669591 
 2.500  -199.660408  -199.673670  -199.673935  -199.659836  -199.673722  -199.659997 
 2.600  -199.650972  -199.667235  -199.667485  -199.650452  -199.667247  -199.650582 
 2.700  -199.641846  -199.660617  -199.660886  -199.641348  -199.660607  -199.641460 
 2.800  -199.633097  -199.653946  -199.654248  -199.632605  -199.653920  -199.632709 
 2.900  -199.624770  -199.647321  -199.647665  -199.624273  -199.647286  -199.624374 
 3.000  -199.616892  -199.640820  -199.641210  -199.616382  -199.640780  -199.616484 
 3.100  -199.609474  -199.634499  -199.634935  -199.608946  -199.634459  -199.609051 
 3.200  -199.602518  -199.628400  -199.628884  -199.601966  -199.628366  -199.602078 
 3.300  -199.596015  -199.622567  -199.623098  -199.595436  -199.622529  -199.595557 
