 1.300  -199.682882  -199.610421  -199.683126  -199.610177  -199.682929  -199.607836  -199.682848  -199.609959 
 1.400  -199.705389  -199.642382  -199.705665  -199.642106  -199.705463  -199.639748  -199.705373  -199.641863 
 1.500  -199.717834  -199.664496  -199.718146  -199.664184  -199.717944  -199.661791  -199.717837  -199.663909 
 1.600  -199.723209  -199.679393  -199.723551  -199.679051  -199.723352  -199.676369  -199.723222  -199.678735 
 1.700  -199.723568  -199.688880  -199.723923  -199.688525  -199.723732  -199.685972  -199.723569  -199.688162 
 1.800  -199.720364  -199.694230  -199.720691  -199.693903  -199.720518  -199.691308  -199.720310  -199.693504 
 1.900  -199.714654  -199.696380  -199.714887  -199.696147  -199.714740  -199.693543  -199.714477  -199.695685 
 2.000  -199.707222  -199.696050  -199.707279  -199.695993  -199.707163  -199.693414  -199.706838  -199.695456 
 2.100  -199.698656  -199.693806  -199.698458  -199.694004  -199.698374  -199.691388  -199.697985  -199.693380 
 2.200  -199.689397  -199.690108  -199.688896  -199.690609  -199.688426  -199.688813  -199.688390  -199.689884 
 2.300  -199.679781  -199.685326  -199.678963  -199.686144  -199.678885  -199.684063  -199.678419  -199.685307 
 2.400  -199.670056  -199.679765  -199.668933  -199.680889  -199.668851  -199.678938  -199.668347  -199.679926 
 2.500  -199.660408  -199.673670  -199.658999  -199.675080  -199.658913  -199.673277  -199.658367  -199.673977 
 2.600  -199.650972  -199.667235  -199.649294  -199.668913  -199.649206  -199.667260  -199.648612  -199.667661 
 2.700  -199.641846  -199.660617  -199.639911  -199.662552  -199.639824  -199.661066  -199.639174  -199.661142 
