 r; rhf_e, cqed_rhf_e, cqed_cis_e 
 1.300  -199.857444  -199.846715  -199.849273 
 1.350  -199.870190  -199.859193  -199.861874 
 1.400  -199.879950  -199.868649  -199.871467 
 1.450  -199.887217  -199.875575  -199.878546 
 1.500  -199.892396  -199.880376  -199.883517 
 1.550  -199.895822  -199.883387  -199.886713 
 1.600  -199.897771  -199.884886  -199.888413 
 1.650  -199.898475  -199.885104  -199.888849 
 1.700  -199.898129  -199.884235  -199.888214 
 1.750  -199.896899  -199.882447  -199.886675 
 1.800  -199.894926  -199.879878  -199.884372 
 1.900  -199.889216  -199.872869  -199.877942 
 2.000  -199.881784  -199.863991  -199.869708 
 2.100  -199.873217  -199.853832  -199.860254 
 2.200  -199.863959  -199.842833  -199.850022 
 2.300  -199.854343  -199.831330  -199.839342 
 2.400  -199.844618  -199.819572  -199.828462 
 2.500  -199.834970  -199.807748  -199.817566 
 2.600  -199.825534  -199.795995  -199.806787 
 2.700  -199.816408  -199.784414  -199.796222
