#NO_OMEGA 0.000  0.000  -113.86325724 -113.86325724 -113.68954923 -113.68954923 -113.48523756 -113.48523756 -113.48287607 -113.48287607 
 0.000  0.000  -113.877222  -113.703514  -113.499202  -113.497222  -113.496841  -113.489270  -113.439617  -113.404056
 0.000  0.002  -113.877157  -113.703454  -113.499125  -113.498349  -113.495492  -113.489180  -113.439562  -113.403966
 0.000  0.004  -113.876962  -113.703273  -113.499430  -113.498894  -113.493745  -113.488913  -113.439399  -113.403696
 0.000  0.008  -113.876180  -113.702559  -113.500998  -113.498031  -113.489594  -113.487887  -113.438691  -113.402675
 0.000  0.012  -113.874878  -113.701278  -113.501704  -113.496484  -113.486089  -113.484419  -113.437557  -113.400844
 0.002  0.000  -113.877161  -113.703426  -113.499116  -113.497168  -113.496741  -113.489192  -113.439534  -113.403958
 0.002  0.002  -113.877095  -113.703365  -113.499041  -113.498274  -113.495411  -113.489103  -113.439479  -113.403868
 0.002  0.004  -113.876900  -113.703185  -113.499361  -113.498802  -113.493666  -113.488836  -113.439316  -113.403598
 0.002  0.008  -113.876118  -113.702472  -113.500929  -113.497946  -113.489518  -113.487811  -113.438607  -113.402581
 0.002  0.012  -113.874816  -113.701190  -113.501634  -113.496397  -113.486012  -113.484341  -113.437473  -113.400749
 0.004  0.000  -113.876976  -113.703160  -113.498859  -113.497005  -113.496440  -113.488960  -113.439284  -113.403663
 0.004  0.002  -113.876910  -113.703100  -113.498788  -113.498049  -113.495167  -113.488870  -113.439230  -113.403573
 0.004  0.004  -113.876715  -113.702919  -113.499155  -113.498527  -113.493426  -113.488603  -113.439067  -113.403303
 0.004  0.008  -113.875933  -113.702212  -113.500720  -113.497690  -113.489290  -113.487584  -113.438354  -113.402300
 0.004  0.012  -113.874631  -113.700926  -113.501425  -113.496137  -113.485780  -113.484105  -113.437224  -113.400462
 0.008  0.000  -113.876236  -113.702126  -113.497890  -113.496346  -113.495334  -113.488058  -113.438268  -113.402557
 0.008  0.002  -113.876170  -113.702067  -113.497857  -113.497194  -113.494230  -113.487972  -113.438210  -113.402470
 0.008  0.004  -113.875975  -113.701888  -113.498377  -113.497508  -113.492524  -113.487713  -113.438037  -113.402211
 0.008  0.008  -113.875194  -113.701172  -113.499894  -113.496666  -113.488368  -113.486677  -113.437343  -113.401176
 0.008  0.012  -113.873891  -113.699872  -113.500592  -113.495096  -113.484855  -113.483158  -113.436227  -113.399316
 0.012  0.000  -113.875002  -113.700393  -113.496308  -113.495191  -113.493450  -113.486546  -113.436583  -113.400683
 0.012  0.002  -113.874937  -113.700334  -113.496394  -113.495703  -113.492562  -113.486459  -113.436526  -113.400597
 0.012  0.004  -113.874742  -113.700155  -113.497072  -113.495785  -113.490932  -113.486201  -113.436352  -113.400338
 0.012  0.008  -113.873960  -113.699355  -113.498490  -113.494860  -113.486714  -113.485072  -113.435709  -113.399187
 0.012  0.012  -113.872658  -113.698116  -113.499220  -113.493362  -113.483314  -113.481562  -113.434566  -113.397407
