 0.000  0.000  -113.874573  -113.860609  -113.701139  -113.687175  -113.496411  -113.489351  -113.486028  -113.482452
 0.001  0.013  -113.874573  -113.860609  -113.701139  -113.687175  -113.496411  -113.489351  -113.486028  -113.482452
 0.002  0.025  -113.874573  -113.860609  -113.701139  -113.687175  -113.496411  -113.489351  -113.486028  -113.482452
 0.003  0.038  -113.874573  -113.860609  -113.701139  -113.687175  -113.496411  -113.489351  -113.486028  -113.482452
 0.004  0.050  -113.874573  -113.860609  -113.701139  -113.687175  -113.496411  -113.489351  -113.486028  -113.482452
 0.005  0.063  -113.874573  -113.860609  -113.701139  -113.687175  -113.496411  -113.489351  -113.486028  -113.482452
 0.006  0.076  -113.874573  -113.860609  -113.701139  -113.687175  -113.496411  -113.489351  -113.486028  -113.482452
 0.007  0.088  -113.874573  -113.860609  -113.701139  -113.687175  -113.496411  -113.489351  -113.486028  -113.482452
 0.008  0.101  -113.874573  -113.860609  -113.701139  -113.687175  -113.496411  -113.489351  -113.486028  -113.482452
 0.009  0.113  -113.874573  -113.860609  -113.701139  -113.687175  -113.496411  -113.489351  -113.486028  -113.482452
 0.011  0.126  -113.874573  -113.860609  -113.701139  -113.687175  -113.496411  -113.489351  -113.486028  -113.482452
 0.012  0.139  -113.874573  -113.860609  -113.701139  -113.687175  -113.496411  -113.489351  -113.486028  -113.482452
 0.013  0.151  -113.874573  -113.860609  -113.701139  -113.687175  -113.496411  -113.489351  -113.486028  -113.482452
 0.014  0.164  -113.874573  -113.860609  -113.701139  -113.687175  -113.496411  -113.489351  -113.486028  -113.482452
 0.015  0.176  -113.874573  -113.860609  -113.701139  -113.687175  -113.496411  -113.489351  -113.486028  -113.482452
 0.016  0.189  -113.874573  -113.860609  -113.701139  -113.687175  -113.496411  -113.489351  -113.486028  -113.482452
 0.017  0.202  -113.874573  -113.860609  -113.701139  -113.687175  -113.496411  -113.489351  -113.486028  -113.482452
 0.018  0.214  -113.874573  -113.860609  -113.701139  -113.687175  -113.496411  -113.489351  -113.486028  -113.482452
 0.019  0.227  -113.874573  -113.860609  -113.701139  -113.687175  -113.496411  -113.489351  -113.486028  -113.482452
 0.020  0.239  -113.874573  -113.860609  -113.701139  -113.687175  -113.496411  -113.489351  -113.486028  -113.482452
