 0.000  0.000  -113.877222  -113.863257  -113.703514  -113.689549  -113.499202  -113.496841  -113.489270  -113.485238
 0.001  0.013  -113.876713  -113.862748  -113.702819  -113.688854  -113.498511  -113.496056  -113.488648  -113.484544
 0.002  0.025  -113.875187  -113.861222  -113.700788  -113.686823  -113.496540  -113.493883  -113.486837  -113.482567
 0.003  0.038  -113.872645  -113.858680  -113.697300  -113.683335  -113.493095  -113.490029  -113.483684  -113.479114
 0.004  0.050  -113.869089  -113.855125  -113.692680  -113.678716  -113.488587  -113.484976  -113.479512  -113.474595
 0.005  0.063  -113.864524  -113.850561  -113.686602  -113.672639  -113.482617  -113.478292  -113.474023  -113.468613
 0.006  0.076  -113.858953  -113.844991  -113.679196  -113.665234  -113.475344  -113.470134  -113.467343  -113.461329
 0.007  0.088  -113.852383  -113.838421  -113.670358  -113.656397  -113.466650  -113.460386  -113.459390  -113.452625
 0.008  0.101  -113.844819  -113.830858  -113.660546  -113.646587  -113.457032  -113.450524  -113.449477  -113.442997
 0.009  0.113  -113.836269  -113.822309  -113.649195  -113.635237  -113.445867  -113.440303  -113.436857  -113.431822
 0.011  0.126  -113.826741  -113.812782  -113.636930  -113.622973  -113.433832  -113.429227  -113.423110  -113.419779
 0.012  0.139  -113.816243  -113.802284  -113.623354  -113.609398  -113.420492  -113.416985  -113.407850  -113.406430
 0.013  0.151  -113.804784  -113.790827  -113.608452  -113.594498  -113.405825  -113.403566  -113.391754  -113.391057
 0.014  0.164  -113.792375  -113.778419  -113.592757  -113.578803  -113.390405  -113.389401  -113.376324  -113.375331
 0.015  0.176  -113.779027  -113.765072  -113.575840  -113.561888  -113.374150  -113.373763  -113.360068  -113.359670
 0.016  0.189  -113.764750  -113.750795  -113.557708  -113.543756  -113.357818  -113.355902  -113.343721  -113.341793
 0.017  0.202  -113.749555  -113.735602  -113.538710  -113.524760  -113.340689  -113.337198  -113.326572  -113.323068
 0.018  0.214  -113.733455  -113.719503  -113.518898  -113.504949  -113.322808  -113.317703  -113.308663  -113.303544
 0.019  0.227  -113.716462  -113.702510  -113.497983  -113.484034  -113.303939  -113.297108  -113.289750  -113.282905
 0.020  0.239  -113.698588  -113.684636  -113.476143  -113.462195  -113.284228  -113.275619  -113.269963  -113.261339
